0, 0
3.061616997868383e-16, -5.0
3.061616997868383e-16, -5.0
5.0, -5.0
5.0, -5.0
5.0, -5.0
5.0, 0.0
10.0, 0.0
10.0, 0.0
15.0, 0.0
15.0, 0.0
15.0, -5.0
15.0, -5.0
15.0, -5.0
10.0, -5.000000000000001
10.0, -10.0
10.0, -10.0
15.0, -10.0
15.0, -10.0
15.0, -15.0
15.0, -15.0
15.0, -15.0
10.0, -15.0
10.0, -15.0
5.0, -15.0
4.999999999999999, -10.0
4.999999999999999, -10.0
-8.881784197001252e-16, -10.0
-8.881784197001252e-16, -10.0
-8.881784197001252e-16, -10.0
-5.820167199132871e-16, -15.0
-2.758550201264489e-16, -20.0
-2.758550201264489e-16, -20.0
5.0, -20.0
5.0, -20.0
5.0, -25.0
5.0, -25.0
5.0, -25.0
0.0, -25.0
3.0616169978683817e-16, -30.0
3.0616169978683817e-16, -30.0
6.123233995736763e-16, -35.0
6.123233995736763e-16, -35.0
5.000000000000001, -35.0
5.000000000000001, -35.0
5.000000000000001, -35.0
5.000000000000001, -30.0
10.0, -30.0
10.0, -30.0
10.0, -35.0
10.0, -35.0
15.0, -35.0
15.0, -35.0
15.0, -35.0
15.0, -30.0
15.0, -30.0
15.0, -25.0
10.0, -25.0
10.0, -25.0
10.0, -20.0
10.0, -20.0
10.0, -20.0
15.0, -20.0
20.0, -20.0
20.0, -20.0
25.0, -20.0
25.0, -20.0
25.0, -25.0
25.0, -25.0
25.0, -25.0
20.0, -25.0
20.0, -30.0
20.0, -30.0
20.0, -35.0
20.0, -35.0
25.0, -35.0
25.0, -35.0
25.0, -35.0
25.0, -30.0
30.0, -30.0
30.0, -30.0
30.0, -35.0
30.0, -35.0
35.0, -35.0
35.0, -35.0
35.0, -35.0
35.0, -30.0
35.0, -30.0
35.0, -25.0
30.0, -25.0
30.0, -25.0
30.0, -20.0
30.0, -20.0
30.0, -20.0
35.0, -20.0
35.0, -20.0
35.0, -15.0
35.0, -10.0
35.0, -10.0
30.0, -10.0
30.0, -10.0
30.0, -10.0
30.0, -15.0
25.0, -15.0
25.0, -15.0
20.0, -15.0
20.0, -15.0
20.0, -10.0
20.0, -10.0
20.0, -10.0
25.0, -10.0
25.0, -5.0
25.0, -5.0
20.0, -4.999999999999999
20.0, -4.999999999999999
20.0, 8.881784197001252e-16
20.0, 8.881784197001252e-16
20.0, 8.881784197001252e-16
25.0, 8.881784197001251e-16
25.0, 8.881784197001251e-16
30.0, 8.88178419700125e-16
30.0, -4.999999999999999
30.0, -4.999999999999999
35.0, -4.999999999999999
35.0, -4.999999999999999
35.0, -4.999999999999999
35.0, 8.881784197001252e-16
40.0, 8.881784197001251e-16
40.0, 8.881784197001251e-16
45.0, 8.88178419700125e-16
45.0, 8.88178419700125e-16
45.0, -4.999999999999999
45.0, -4.999999999999999
45.0, -4.999999999999999
40.0, -5.0
40.0, -10.0
40.0, -10.0
40.0, -15.0
40.0, -15.0
45.0, -15.0
45.0, -15.0
45.0, -15.0
45.0, -10.0
50.0, -10.0
50.0, -10.0
50.0, -15.0
50.0, -15.0
55.0, -15.0
55.0, -15.0
55.0, -15.0
55.0, -10.0
55.0, -10.0
55.0, -5.0
50.0, -4.999999999999999
50.0, -4.999999999999999
50.0, 8.881784197001252e-16
50.0, 8.881784197001252e-16
50.0, 8.881784197001252e-16
55.0, 8.881784197001251e-16
60.0, 8.88178419700125e-16
60.0, 8.88178419700125e-16
60.0, -4.999999999999999
60.0, -4.999999999999999
65.0, -4.999999999999999
65.0, -4.999999999999999
65.0, -4.999999999999999
65.0, 8.881784197001252e-16
70.0, 8.881784197001251e-16
70.0, 8.881784197001251e-16
75.0, 8.88178419700125e-16
75.0, 8.88178419700125e-16
75.0, -4.999999999999999
75.0, -4.999999999999999
75.0, -4.999999999999999
70.0, -5.0
70.0, -10.0
70.0, -10.0
75.0, -10.0
75.0, -10.0
75.0, -15.0
75.0, -15.0
75.0, -15.0
70.0, -15.0
70.0, -15.0
65.0, -15.0
65.0, -10.0
65.0, -10.0
60.0, -10.0
60.0, -10.0
60.0, -10.0
60.0, -15.0
60.0, -20.0
60.0, -20.0
60.0, -25.0
60.0, -25.0
65.0, -25.0
65.0, -25.0
65.0, -25.0
65.0, -20.0
70.0, -20.0
70.0, -20.0
75.0, -20.0
75.0, -20.0
75.0, -25.0
75.0, -25.0
75.0, -25.0
70.0, -25.0
70.0, -30.0
70.0, -30.0
75.0, -30.0
75.0, -30.0
75.0, -35.0
75.0, -35.0
75.0, -35.0
70.0, -35.0
70.0, -35.0
65.0, -35.0
65.0, -30.0
65.0, -30.0
60.0, -30.0
60.0, -30.0
60.0, -30.0
60.0, -35.0
60.0, -35.0
55.0, -35.0
50.0, -35.0
50.0, -35.0
50.0, -30.0
50.0, -30.0
50.0, -30.0
55.0, -30.0
55.0, -25.0
55.0, -25.0
55.0, -20.0
55.0, -20.0
50.0, -20.0
50.0, -20.0
50.0, -20.0
50.0, -25.0
45.0, -25.0
45.0, -25.0
45.0, -20.0
45.0, -20.0
40.0, -20.0
40.0, -20.0
40.0, -20.0
40.0, -25.0
40.0, -25.0
40.0, -30.0
45.0, -30.0
45.0, -30.0
45.0, -35.0
45.0, -35.0
45.0, -35.0
40.0, -35.0
40.0, -40.0
40.0, -40.0
45.0, -40.0
45.0, -40.0
45.0, -45.0
45.0, -45.0
45.0, -45.0
40.0, -45.0
40.0, -50.0
40.0, -50.0
40.0, -55.0
40.0, -55.0
45.0, -55.0
45.0, -55.0
45.0, -55.0
45.0, -50.0
50.0, -50.0
50.0, -50.0
50.0, -55.0
50.0, -55.0
55.0, -55.0
55.0, -55.0
55.0, -55.0
55.0, -50.0
55.0, -50.0
55.0, -45.0
50.0, -45.0
50.0, -45.0
50.0, -40.0
50.0, -40.0
50.0, -40.0
55.0, -40.0
60.0, -40.0
60.0, -40.0
60.0, -45.0
60.0, -45.0
65.0, -45.0
65.0, -45.0
65.0, -45.0
65.0, -40.0
70.0, -40.0
70.0, -40.0
75.0, -40.0
75.0, -40.0
75.0, -45.0
75.0, -45.0
75.0, -45.0
70.0, -45.0
70.0, -50.0
70.0, -50.0
75.0, -50.0
75.0, -50.0
75.0, -55.0
75.0, -55.0
75.0, -55.0
70.0, -55.0
70.0, -55.0
65.0, -55.0
65.0, -50.0
65.0, -50.0
60.0, -50.0
60.0, -50.0
60.0, -50.0
60.0, -55.0
60.0, -60.0
60.0, -60.0
60.0, -65.0
60.0, -65.0
65.0, -65.0
65.0, -65.0
65.0, -65.0
65.0, -60.0
70.0, -60.0
70.0, -60.0
75.0, -60.0
75.0, -60.0
75.0, -65.0
75.0, -65.0
75.0, -65.0
70.0, -65.0
70.0, -70.0
70.0, -70.0
75.0, -70.0
75.0, -70.0
75.0, -75.0
75.0, -75.0
75.0, -75.0
70.0, -75.0
70.0, -75.0
65.0, -75.0
65.0, -70.0
65.0, -70.0
60.0, -70.0
60.0, -70.0
60.0, -70.0
60.0, -75.0
60.0, -75.0
55.0, -75.0
50.0, -75.0
50.0, -75.0
50.0, -70.0
50.0, -70.0
50.0, -70.0
55.0, -70.0
55.0, -65.0
55.0, -65.0
55.0, -60.0
55.0, -60.0
50.0, -60.0
50.0, -60.0
50.0, -60.0
50.0, -65.0
45.0, -65.0
45.0, -65.0
45.0, -60.0
45.0, -60.0
40.0, -60.0
40.0, -60.0
40.0, -60.0
40.0, -65.0
40.0, -65.0
40.0, -70.0
45.0, -70.0
45.0, -70.0
45.0, -75.0
45.0, -75.0
45.0, -75.0
40.0, -75.0
40.0, -75.0
35.0, -75.0
35.0, -70.0
35.0, -70.0
30.0, -70.0
30.0, -70.0
30.0, -70.0
30.0, -75.0
25.0, -75.0
25.0, -75.0
20.0, -75.0
20.0, -75.0
20.0, -70.0
20.0, -70.0
20.0, -70.0
25.0, -70.0
25.0, -65.0
25.0, -65.0
20.0, -65.0
20.0, -65.0
20.0, -60.0
20.0, -60.0
20.0, -60.0
25.0, -60.0
25.0, -60.0
30.0, -60.0
30.0, -65.0
30.0, -65.0
35.0, -65.0
35.0, -65.0
35.0, -65.0
35.0, -60.0
35.0, -55.0
35.0, -55.0
30.0, -55.0
30.0, -55.0
30.0, -50.0
30.0, -50.0
30.0, -50.0
35.0, -50.0
35.0, -45.0
35.0, -45.0
35.0, -40.0
35.0, -40.0
30.0, -40.0
30.0, -40.0
30.0, -40.0
30.0, -45.0
25.0, -45.0
25.0, -45.0
25.0, -40.0
25.0, -40.0
20.0, -40.0
20.0, -40.0
20.0, -40.0
20.0, -45.0
20.0, -45.0
20.0, -50.0
25.0, -50.0
25.0, -50.0
25.0, -55.0
25.0, -55.0
25.0, -55.0
20.0, -55.0
15.0, -55.0
15.0, -55.0
10.0, -55.0
10.0, -55.0
9.999999999999998, -50.0
9.999999999999998, -50.0
9.999999999999998, -50.0
14.999999999999998, -50.0
14.999999999999996, -45.0
14.999999999999996, -45.0
14.999999999999995, -40.0
14.999999999999995, -40.0
9.999999999999995, -40.0
9.999999999999995, -40.0
9.999999999999995, -40.0
9.999999999999995, -45.0
4.999999999999995, -45.0
4.999999999999995, -45.0
4.999999999999994, -40.0
4.999999999999994, -40.0
-6.217248937900877e-15, -40.0
-6.217248937900877e-15, -40.0
-6.217248937900877e-15, -40.0
-5.911087238114039e-15, -45.0
-5.911087238114039e-15, -45.0
-5.604925538327201e-15, -50.0
4.999999999999995, -50.0
4.999999999999995, -50.0
4.999999999999995, -55.0
4.999999999999995, -55.0
4.999999999999995, -55.0
-5.329070518200751e-15, -55.0
-5.329070518200751e-15, -55.0
-5.0229088184139135e-15, -60.0
-4.716747118627076e-15, -65.0
-4.716747118627076e-15, -65.0
4.999999999999996, -65.0
4.999999999999996, -65.0
4.999999999999996, -65.0
4.999999999999996, -60.0
9.999999999999996, -60.0
9.999999999999996, -60.0
14.999999999999996, -60.0
14.999999999999996, -60.0
14.999999999999996, -65.0
14.999999999999996, -65.0
14.999999999999996, -65.0
9.999999999999996, -65.0
9.999999999999996, -70.0
9.999999999999996, -70.0
14.999999999999996, -70.0
14.999999999999996, -70.0
14.999999999999996, -75.0
14.999999999999996, -75.0
14.999999999999996, -75.0
9.999999999999996, -75.0
9.999999999999996, -75.0
4.9999999999999964, -75.0
4.999999999999996, -70.0
4.999999999999996, -70.0
-4.440892098500626e-15, -70.0
-4.440892098500626e-15, -70.0
-4.440892098500626e-15, -70.0
-4.134730398713788e-15, -75.0
-3.8285686989269504e-15, -80.0
-3.8285686989269504e-15, -80.0
4.9999999999999964, -80.0
4.9999999999999964, -80.0
4.9999999999999964, -85.0
4.9999999999999964, -85.0
4.9999999999999964, -85.0
-3.552713678800501e-15, -85.0
-3.2465519790136627e-15, -90.0
-3.2465519790136627e-15, -90.0
-2.9403902792268244e-15, -95.0
-2.9403902792268244e-15, -95.0
4.999999999999997, -95.0
4.999999999999997, -95.0
4.999999999999997, -95.0
4.999999999999997, -90.0
9.999999999999996, -90.0
9.999999999999996, -90.0
9.999999999999996, -95.0
9.999999999999996, -95.0
14.999999999999996, -95.0
14.999999999999996, -95.0
14.999999999999996, -95.0
14.999999999999996, -90.0
14.999999999999996, -90.0
14.999999999999996, -85.0
9.999999999999996, -85.0
9.999999999999996, -85.0
9.999999999999996, -80.0
9.999999999999996, -80.0
9.999999999999996, -80.0
14.999999999999996, -80.0
19.999999999999996, -80.0
19.999999999999996, -80.0
19.999999999999996, -85.0
19.999999999999996, -85.0
24.999999999999996, -85.0
24.999999999999996, -85.0
24.999999999999996, -85.0
24.999999999999996, -80.0
29.999999999999996, -80.0
29.999999999999996, -80.0
35.0, -80.0
35.0, -80.0
35.0, -85.0
35.0, -85.0
35.0, -85.0
30.0, -85.0
30.0, -90.0
30.0, -90.0
35.0, -90.0
35.0, -90.0
35.0, -95.0
35.0, -95.0
35.0, -95.0
30.0, -95.0
30.0, -95.0
25.0, -95.0
25.0, -90.0
25.0, -90.0
20.0, -90.0
20.0, -90.0
20.0, -90.0
20.0, -95.0
20.0, -100.0
20.0, -100.0
20.0, -105.0
20.0, -105.0
25.0, -105.0
25.0, -105.0
25.0, -105.0
25.0, -100.0
30.0, -100.0
30.0, -100.0
35.0, -100.0
35.0, -100.0
35.0, -105.0
35.0, -105.0
35.0, -105.0
30.0, -105.0
30.0, -110.0
30.0, -110.0
35.0, -110.0
35.0, -110.0
35.0, -115.0
35.0, -115.0
35.0, -115.0
30.0, -115.0
30.0, -115.0
25.0, -115.0
25.0, -110.0
25.0, -110.0
20.0, -110.0
20.0, -110.0
20.0, -110.0
20.0, -115.0
20.0, -115.0
15.0, -115.0
10.0, -115.0
10.0, -115.0
9.999999999999998, -110.0
9.999999999999998, -110.0
9.999999999999998, -110.0
14.999999999999998, -110.0
14.999999999999996, -105.0
14.999999999999996, -105.0
14.999999999999995, -100.0
14.999999999999995, -100.0
9.999999999999995, -100.0
9.999999999999995, -100.0
9.999999999999995, -100.0
9.999999999999995, -105.0
4.999999999999995, -105.0
4.999999999999995, -105.0
4.999999999999994, -100.0
4.999999999999994, -100.0
-6.217248937900877e-15, -100.0
-6.217248937900877e-15, -100.0
-6.217248937900877e-15, -100.0
-5.911087238114039e-15, -105.0
-5.911087238114039e-15, -105.0
-5.604925538327201e-15, -110.0
4.999999999999995, -110.0
4.999999999999995, -110.0
4.999999999999995, -115.0
4.999999999999995, -115.0
4.999999999999995, -115.0
-5.329070518200751e-15, -115.0
-5.0229088184139135e-15, -120.0
-5.0229088184139135e-15, -120.0
-4.716747118627076e-15, -125.0
-4.716747118627076e-15, -125.0
4.999999999999996, -125.0
4.999999999999996, -125.0
4.999999999999996, -125.0
4.999999999999996, -120.0
9.999999999999996, -120.0
9.999999999999996, -120.0
14.999999999999996, -120.0
14.999999999999996, -120.0
14.999999999999996, -125.0
14.999999999999996, -125.0
14.999999999999996, -125.0
9.999999999999996, -125.0
9.999999999999996, -130.0
9.999999999999996, -130.0
14.999999999999996, -130.0
14.999999999999996, -130.0
14.999999999999996, -135.0
14.999999999999996, -135.0
14.999999999999996, -135.0
9.999999999999996, -135.0
9.999999999999996, -135.0
4.9999999999999964, -135.0
4.999999999999996, -130.0
4.999999999999996, -130.0
-4.440892098500626e-15, -130.0
-4.440892098500626e-15, -130.0
-4.440892098500626e-15, -130.0
-4.134730398713788e-15, -135.0
-3.8285686989269504e-15, -140.0
-3.8285686989269504e-15, -140.0
4.9999999999999964, -140.0
4.9999999999999964, -140.0
4.9999999999999964, -145.0
4.9999999999999964, -145.0
4.9999999999999964, -145.0
-3.552713678800501e-15, -145.0
-3.2465519790136627e-15, -150.0
-3.2465519790136627e-15, -150.0
-2.9403902792268244e-15, -155.0
-2.9403902792268244e-15, -155.0
4.999999999999997, -155.0
4.999999999999997, -155.0
4.999999999999997, -155.0
4.999999999999997, -150.0
9.999999999999996, -150.0
9.999999999999996, -150.0
9.999999999999996, -155.0
9.999999999999996, -155.0
14.999999999999996, -155.0
14.999999999999996, -155.0
14.999999999999996, -155.0
14.999999999999996, -150.0
14.999999999999996, -150.0
14.999999999999996, -145.0
9.999999999999996, -145.0
9.999999999999996, -145.0
9.999999999999996, -140.0
9.999999999999996, -140.0
9.999999999999996, -140.0
14.999999999999996, -140.0
19.999999999999996, -140.0
19.999999999999996, -140.0
24.999999999999996, -140.0
24.999999999999996, -140.0
24.999999999999996, -145.0
24.999999999999996, -145.0
24.999999999999996, -145.0
19.999999999999996, -145.0
19.999999999999996, -150.0
19.999999999999996, -150.0
19.999999999999996, -155.0
19.999999999999996, -155.0
24.999999999999996, -155.0
24.999999999999996, -155.0
24.999999999999996, -155.0
24.999999999999996, -150.0
29.999999999999996, -150.0
29.999999999999996, -150.0
29.999999999999996, -155.0
29.999999999999996, -155.0
35.0, -155.0
35.0, -155.0
35.0, -155.0
35.0, -150.0
35.0, -150.0
35.0, -145.0
30.0, -145.0
30.0, -145.0
30.0, -140.0
30.0, -140.0
30.0, -140.0
35.0, -140.0
35.0, -140.0
35.0, -135.0
35.0, -130.0
35.0, -130.0
30.0, -130.0
30.0, -130.0
30.0, -130.0
30.0, -135.0
25.0, -135.0
25.0, -135.0
20.0, -135.0
20.0, -135.0
20.0, -130.0
20.0, -130.0
20.0, -130.0
25.0, -130.0
25.0, -125.0
25.0, -125.0
20.0, -125.0
20.0, -125.0
20.0, -120.0
20.0, -120.0
20.0, -120.0
25.0, -120.0
25.0, -120.0
30.0, -120.0
30.0, -125.0
30.0, -125.0
35.0, -125.0
35.0, -125.0
35.0, -125.0
35.0, -120.0
40.0, -120.0
40.0, -120.0
40.0, -125.0
40.0, -125.0
45.0, -125.0
45.0, -125.0
45.0, -125.0
45.0, -120.0
50.0, -120.0
50.0, -120.0
55.0, -120.0
55.0, -120.0
55.0, -125.0
55.0, -125.0
55.0, -125.0
50.0, -125.0
50.0, -130.0
50.0, -130.0
55.0, -130.0
55.0, -130.0
55.0, -135.0
55.0, -135.0
55.0, -135.0
50.0, -135.0
50.0, -135.0
45.0, -135.0
45.0, -130.0
45.0, -130.0
40.0, -130.0
40.0, -130.0
40.0, -130.0
40.0, -135.0
40.0, -140.0
40.0, -140.0
45.0, -140.0
45.0, -140.0
45.0, -145.0
45.0, -145.0
45.0, -145.0
40.0, -145.0
40.0, -150.0
40.0, -150.0
40.0, -155.0
40.0, -155.0
45.0, -155.0
45.0, -155.0
45.0, -155.0
45.0, -150.0
50.0, -150.0
50.0, -150.0
50.0, -155.0
50.0, -155.0
55.0, -155.0
55.0, -155.0
55.0, -155.0
55.0, -150.0
55.0, -150.0
55.0, -145.0
50.0, -145.0
50.0, -145.0
50.0, -140.0
50.0, -140.0
50.0, -140.0
55.0, -140.0
60.0, -140.0
60.0, -140.0
65.0, -140.0
65.0, -140.0
65.0, -145.0
65.0, -145.0
65.0, -145.0
60.0, -145.0
60.0, -150.0
60.0, -150.0
60.0, -155.0
60.0, -155.0
65.0, -155.0
65.0, -155.0
65.0, -155.0
65.0, -150.0
70.0, -150.0
70.0, -150.0
70.0, -155.0
70.0, -155.0
75.0, -155.0
75.0, -155.0
75.0, -155.0
75.0, -150.0
75.0, -150.0
75.0, -145.0
70.0, -145.0
70.0, -145.0
70.0, -140.0
70.0, -140.0
70.0, -140.0
75.0, -140.0
75.0, -140.0
75.0, -135.0
75.0, -130.0
75.0, -130.0
70.0, -130.0
70.0, -130.0
70.0, -130.0
70.0, -135.0
65.0, -135.0
65.0, -135.0
60.0, -135.0
60.0, -135.0
60.0, -130.0
60.0, -130.0
60.0, -130.0
65.0, -130.0
65.0, -125.0
65.0, -125.0
60.0, -125.0
60.0, -125.0
60.0, -120.0
60.0, -120.0
60.0, -120.0
65.0, -120.0
65.0, -120.0
70.0, -120.0
70.0, -125.0
70.0, -125.0
75.0, -125.0
75.0, -125.0
75.0, -125.0
75.0, -120.0
75.0, -120.0
75.0, -115.0
70.0, -115.0
70.0, -115.0
70.0, -110.0
70.0, -110.0
70.0, -110.0
75.0, -110.0
75.0, -105.0
75.0, -105.0
75.0, -100.0
75.0, -100.0
70.0, -100.0
70.0, -100.0
70.0, -100.0
70.0, -105.0
65.0, -105.0
65.0, -105.0
65.0, -100.0
65.0, -100.0
60.0, -100.0
60.0, -100.0
60.0, -100.0
60.0, -105.0
60.0, -105.0
60.0, -110.0
65.0, -110.0
65.0, -110.0
65.0, -115.0
65.0, -115.0
65.0, -115.0
60.0, -115.0
55.0, -115.0
55.0, -115.0
55.0, -110.0
55.0, -110.0
50.0, -110.0
50.0, -110.0
50.0, -110.0
50.0, -115.0
45.0, -115.0
45.0, -115.0
40.0, -115.0
40.0, -115.0
40.0, -110.0
40.0, -110.0
40.0, -110.0
45.0, -110.0
45.0, -105.0
45.0, -105.0
40.0, -105.0
40.0, -105.0
40.0, -100.0
40.0, -100.0
40.0, -100.0
45.0, -100.0
45.0, -100.0
50.0, -100.0
50.0, -105.0
50.0, -105.0
55.0, -105.0
55.0, -105.0
55.0, -105.0
55.0, -100.0
55.0, -95.0
55.0, -95.0
55.0, -90.0
55.0, -90.0
50.0, -90.0
50.0, -90.0
50.0, -90.0
50.0, -95.0
45.0, -95.0
45.0, -95.0
40.0, -95.0
40.0, -95.0
40.0, -90.0
40.0, -90.0
40.0, -90.0
45.0, -90.0
45.0, -85.0
45.0, -85.0
40.0, -85.0
40.0, -85.0
40.0, -80.0
40.0, -80.0
40.0, -80.0
45.0, -80.0
45.0, -80.0
50.0, -80.0
50.0, -85.0
50.0, -85.0
55.0, -85.0
55.0, -85.0
55.0, -85.0
55.0, -80.0
55.0, -80.0
60.0, -80.0
65.0, -80.0
65.0, -80.0
65.0, -85.0
65.0, -85.0
65.0, -85.0
60.0, -85.0
60.0, -90.0
60.0, -90.0
60.0, -95.0
60.0, -95.0
65.0, -95.0
65.0, -95.0
65.0, -95.0
65.0, -90.0
70.0, -90.0
70.0, -90.0
70.0, -95.0
70.0, -95.0
75.0, -95.0
75.0, -95.0
75.0, -95.0
75.0, -90.0
75.0, -90.0
75.0, -85.0
70.0, -85.0
70.0, -85.0
70.0, -80.0
70.0, -80.0
70.0, -80.0
75.0, -80.0
80.0, -80.0
80.0, -80.0
85.0, -80.0
85.0, -80.0
85.0, -85.0
85.0, -85.0
85.0, -85.0
80.0, -85.0
80.0, -90.0
80.0, -90.0
80.0, -95.0
80.0, -95.0
85.0, -95.0
85.0, -95.0
85.0, -95.0
85.0, -90.0
90.0, -90.0
90.0, -90.0
90.0, -95.0
90.0, -95.0
95.0, -95.0
95.0, -95.0
95.0, -95.0
95.0, -90.0
95.0, -90.0
95.0, -85.0
90.0, -85.0
90.0, -85.0
90.0, -80.0
90.0, -80.0
90.0, -80.0
95.0, -80.0
100.0, -80.0
100.0, -80.0
100.0, -85.0
100.0, -85.0
105.0, -85.0
105.0, -85.0
105.0, -85.0
105.0, -80.0
110.0, -80.0
110.0, -80.0
115.0, -80.0
115.0, -80.0
115.0, -85.0
115.0, -85.0
115.0, -85.0
110.0, -85.0
110.0, -90.0
110.0, -90.0
115.0, -90.0
115.0, -90.0
115.0, -95.0
115.0, -95.0
115.0, -95.0
110.0, -95.0
110.0, -95.0
105.0, -95.0
105.0, -90.0
105.0, -90.0
100.0, -90.0
100.0, -90.0
100.0, -90.0
100.0, -95.0
100.0, -100.0
100.0, -100.0
100.0, -105.0
100.0, -105.0
105.0, -105.0
105.0, -105.0
105.0, -105.0
105.0, -100.0
110.0, -100.0
110.0, -100.0
115.0, -100.0
115.0, -100.0
115.0, -105.0
115.0, -105.0
115.0, -105.0
110.0, -105.0
110.0, -110.0
110.0, -110.0
115.0, -110.0
115.0, -110.0
115.0, -115.0
115.0, -115.0
115.0, -115.0
110.0, -115.0
110.0, -115.0
105.0, -115.0
105.0, -110.0
105.0, -110.0
100.0, -110.0
100.0, -110.0
100.0, -110.0
100.0, -115.0
100.0, -115.0
95.0, -115.0
90.0, -115.0
90.0, -115.0
90.0, -110.0
90.0, -110.0
90.0, -110.0
95.0, -110.0
95.0, -105.0
95.0, -105.0
95.0, -100.0
95.0, -100.0
90.0, -100.0
90.0, -100.0
90.0, -100.0
90.0, -105.0
85.0, -105.0
85.0, -105.0
85.0, -100.0
85.0, -100.0
80.0, -100.0
80.0, -100.0
80.0, -100.0
80.0, -105.0
80.0, -105.0
80.0, -110.0
85.0, -110.0
85.0, -110.0
85.0, -115.0
85.0, -115.0
85.0, -115.0
80.0, -115.0
80.0, -120.0
80.0, -120.0
80.0, -125.0
80.0, -125.0
85.0, -125.0
85.0, -125.0
85.0, -125.0
85.0, -120.0
90.0, -120.0
90.0, -120.0
95.0, -120.0
95.0, -120.0
95.0, -125.0
95.0, -125.0
95.0, -125.0
90.0, -125.0
90.0, -130.0
90.0, -130.0
95.0, -130.0
95.0, -130.0
95.0, -135.0
95.0, -135.0
95.0, -135.0
90.0, -135.0
90.0, -135.0
85.0, -135.0
85.0, -130.0
85.0, -130.0
80.0, -130.0
80.0, -130.0
80.0, -130.0
80.0, -135.0
80.0, -140.0
80.0, -140.0
85.0, -140.0
85.0, -140.0
85.0, -145.0
85.0, -145.0
85.0, -145.0
80.0, -145.0
80.0, -150.0
80.0, -150.0
80.0, -155.0
80.0, -155.0
85.0, -155.0
85.0, -155.0
85.0, -155.0
85.0, -150.0
90.0, -150.0
90.0, -150.0
90.0, -155.0
90.0, -155.0
95.0, -155.0
95.0, -155.0
95.0, -155.0
95.0, -150.0
95.0, -150.0
95.0, -145.0
90.0, -145.0
90.0, -145.0
90.0, -140.0
90.0, -140.0
90.0, -140.0
95.0, -140.0
100.0, -140.0
100.0, -140.0
105.0, -140.0
105.0, -140.0
105.0, -145.0
105.0, -145.0
105.0, -145.0
100.0, -145.0
100.0, -150.0
100.0, -150.0
100.0, -155.0
100.0, -155.0
105.0, -155.0
105.0, -155.0
105.0, -155.0
105.0, -150.0
110.0, -150.0
110.0, -150.0
110.0, -155.0
110.0, -155.0
115.0, -155.0
115.0, -155.0
115.0, -155.0
115.0, -150.0
115.0, -150.0
115.0, -145.0
110.0, -145.0
110.0, -145.0
110.0, -140.0
110.0, -140.0
110.0, -140.0
115.0, -140.0
115.0, -140.0
115.0, -135.0
115.0, -130.0
115.0, -130.0
110.0, -130.0
110.0, -130.0
110.0, -130.0
110.0, -135.0
105.0, -135.0
105.0, -135.0
100.0, -135.0
100.0, -135.0
100.0, -130.0
100.0, -130.0
100.0, -130.0
105.0, -130.0
105.0, -125.0
105.0, -125.0
100.0, -125.0
100.0, -125.0
100.0, -120.0
100.0, -120.0
100.0, -120.0
105.0, -120.0
105.0, -120.0
110.0, -120.0
110.0, -125.0
110.0, -125.0
115.0, -125.0
115.0, -125.0
115.0, -125.0
115.0, -120.0
120.0, -120.0
120.0, -120.0
120.0, -125.0
120.0, -125.0
125.0, -125.0
125.0, -125.0
125.0, -125.0
125.0, -120.0
130.0, -120.0
130.0, -120.0
135.0, -120.0
135.0, -120.0
135.0, -125.0
135.0, -125.0
135.0, -125.0
130.0, -125.0
130.0, -130.0
130.0, -130.0
135.0, -130.0
135.0, -130.0
135.0, -135.0
135.0, -135.0
135.0, -135.0
130.0, -135.0
130.0, -135.0
125.0, -135.0
125.0, -130.0
125.0, -130.0
120.0, -130.0
120.0, -130.0
120.0, -130.0
120.0, -135.0
120.0, -140.0
120.0, -140.0
125.0, -140.0
125.0, -140.0
125.0, -145.0
125.0, -145.0
125.0, -145.0
120.0, -145.0
120.0, -150.0
120.0, -150.0
120.0, -155.0
120.0, -155.0
125.0, -155.0
125.0, -155.0
125.0, -155.0
125.0, -150.0
130.0, -150.0
130.0, -150.0
130.0, -155.0
130.0, -155.0
135.0, -155.0
135.0, -155.0
135.0, -155.0
135.0, -150.0
135.0, -150.0
135.0, -145.0
130.0, -145.0
130.0, -145.0
130.0, -140.0
130.0, -140.0
130.0, -140.0
135.0, -140.0
140.0, -140.0
140.0, -140.0
145.0, -140.0
145.0, -140.0
145.0, -145.0
145.0, -145.0
145.0, -145.0
140.0, -145.0
140.0, -150.0
140.0, -150.0
140.0, -155.0
140.0, -155.0
145.0, -155.0
145.0, -155.0
145.0, -155.0
145.0, -150.0
150.0, -150.0
150.0, -150.0
150.0, -155.0
150.0, -155.0
155.0, -155.0
155.0, -155.0
155.0, -155.0
155.0, -150.0
155.0, -150.0
155.0, -145.0
150.0, -145.0
150.0, -145.0
150.0, -140.0
150.0, -140.0
150.0, -140.0
155.0, -140.0
155.0, -140.0
155.0, -135.0
155.0, -130.0
155.0, -130.0
150.0, -130.0
150.0, -130.0
150.0, -130.0
150.0, -135.0
145.0, -135.0
145.0, -135.0
140.0, -135.0
140.0, -135.0
140.0, -130.0
140.0, -130.0
140.0, -130.0
145.0, -130.0
145.0, -125.0
145.0, -125.0
140.0, -125.0
140.0, -125.0
140.0, -120.0
140.0, -120.0
140.0, -120.0
145.0, -120.0
145.0, -120.0
150.0, -120.0
150.0, -125.0
150.0, -125.0
155.0, -125.0
155.0, -125.0
155.0, -125.0
155.0, -120.0
155.0, -120.0
155.0, -115.0
150.0, -115.0
150.0, -115.0
150.0, -110.0
150.0, -110.0
150.0, -110.0
155.0, -110.0
155.0, -105.0
155.0, -105.0
155.0, -100.0
155.0, -100.0
150.0, -100.0
150.0, -100.0
150.0, -100.0
150.0, -105.0
145.0, -105.0
145.0, -105.0
145.0, -100.0
145.0, -100.0
140.0, -100.0
140.0, -100.0
140.0, -100.0
140.0, -105.0
140.0, -105.0
140.0, -110.0
145.0, -110.0
145.0, -110.0
145.0, -115.0
145.0, -115.0
145.0, -115.0
140.0, -115.0
135.0, -115.0
135.0, -115.0
135.0, -110.0
135.0, -110.0
130.0, -110.0
130.0, -110.0
130.0, -110.0
130.0, -115.0
125.0, -115.0
125.0, -115.0
120.0, -115.0
120.0, -115.0
120.0, -110.0
120.0, -110.0
120.0, -110.0
125.0, -110.0
125.0, -105.0
125.0, -105.0
120.0, -105.0
120.0, -105.0
120.0, -100.0
120.0, -100.0
120.0, -100.0
125.0, -100.0
125.0, -100.0
130.0, -100.0
130.0, -105.0
130.0, -105.0
135.0, -105.0
135.0, -105.0
135.0, -105.0
135.0, -100.0
135.0, -95.0
135.0, -95.0
135.0, -90.0
135.0, -90.0
130.0, -90.0
130.0, -90.0
130.0, -90.0
130.0, -95.0
125.0, -95.0
125.0, -95.0
120.0, -95.0
120.0, -95.0
120.0, -90.0
120.0, -90.0
120.0, -90.0
125.0, -90.0
125.0, -85.0
125.0, -85.0
120.0, -85.0
120.0, -85.0
120.0, -80.0
120.0, -80.0
120.0, -80.0
125.0, -80.0
125.0, -80.0
130.0, -80.0
130.0, -85.0
130.0, -85.0
135.0, -85.0
135.0, -85.0
135.0, -85.0
135.0, -80.0
135.0, -80.0
140.0, -80.0
145.0, -80.0
145.0, -80.0
145.0, -85.0
145.0, -85.0
145.0, -85.0
140.0, -85.0
140.0, -90.0
140.0, -90.0
140.0, -95.0
140.0, -95.0
145.0, -95.0
145.0, -95.0
145.0, -95.0
145.0, -90.0
150.0, -90.0
150.0, -90.0
150.0, -95.0
150.0, -95.0
155.0, -95.0
155.0, -95.0
155.0, -95.0
155.0, -90.0
155.0, -90.0
155.0, -85.0
150.0, -85.0
150.0, -85.0
150.0, -80.0
150.0, -80.0
150.0, -80.0
155.0, -80.0
155.0, -80.0
155.0, -75.0
155.0, -70.0
155.0, -70.0
150.0, -70.0
150.0, -70.0
150.0, -70.0
150.0, -75.0
145.0, -75.0
145.0, -75.0
140.0, -75.0
140.0, -75.0
140.0, -70.0
140.0, -70.0
140.0, -70.0
145.0, -70.0
145.0, -65.0
145.0, -65.0
140.0, -65.0
140.0, -65.0
140.0, -60.0
140.0, -60.0
140.0, -60.0
145.0, -60.0
145.0, -60.0
150.0, -60.0
150.0, -65.0
150.0, -65.0
155.0, -65.0
155.0, -65.0
155.0, -65.0
155.0, -60.0
155.0, -55.0
155.0, -55.0
150.0, -55.0
150.0, -55.0
150.0, -50.0
150.0, -50.0
150.0, -50.0
155.0, -50.0
155.0, -45.0
155.0, -45.0
155.0, -40.0
155.0, -40.0
150.0, -40.0
150.0, -40.0
150.0, -40.0
150.0, -45.0
145.0, -45.0
145.0, -45.0
145.0, -40.0
145.0, -40.0
140.0, -40.0
140.0, -40.0
140.0, -40.0
140.0, -45.0
140.0, -45.0
140.0, -50.0
145.0, -50.0
145.0, -50.0
145.0, -55.0
145.0, -55.0
145.0, -55.0
140.0, -55.0
135.0, -55.0
135.0, -55.0
130.0, -55.0
130.0, -55.0
130.0, -50.0
130.0, -50.0
130.0, -50.0
135.0, -50.0
135.0, -45.0
135.0, -45.0
135.0, -40.0
135.0, -40.0
130.0, -40.0
130.0, -40.0
130.0, -40.0
130.0, -45.0
125.0, -45.0
125.0, -45.0
125.0, -40.0
125.0, -40.0
120.0, -40.0
120.0, -40.0
120.0, -40.0
120.0, -45.0
120.0, -45.0
120.0, -50.0
125.0, -50.0
125.0, -50.0
125.0, -55.0
125.0, -55.0
125.0, -55.0
120.0, -55.0
120.0, -55.0
120.0, -60.0
120.0, -65.0
120.0, -65.0
125.0, -65.0
125.0, -65.0
125.0, -65.0
125.0, -60.0
130.0, -60.0
130.0, -60.0
135.0, -60.0
135.0, -60.0
135.0, -65.0
135.0, -65.0
135.0, -65.0
130.0, -65.0
130.0, -70.0
130.0, -70.0
135.0, -70.0
135.0, -70.0
135.0, -75.0
135.0, -75.0
135.0, -75.0
130.0, -75.0
130.0, -75.0
125.0, -75.0
125.0, -70.0
125.0, -70.0
120.0, -70.0
120.0, -70.0
120.0, -70.0
120.0, -75.0
115.0, -75.0
115.0, -75.0
110.0, -75.0
110.0, -75.0
110.0, -70.0
110.0, -70.0
110.0, -70.0
115.0, -70.0
115.0, -65.0
115.0, -65.0
115.0, -60.0
115.0, -60.0
110.0, -60.0
110.0, -60.0
110.0, -60.0
110.0, -65.0
105.0, -65.0
105.0, -65.0
105.0, -60.0
105.0, -60.0
100.0, -60.0
100.0, -60.0
100.0, -60.0
100.0, -65.0
100.0, -65.0
100.0, -70.0
105.0, -70.0
105.0, -70.0
105.0, -75.0
105.0, -75.0
105.0, -75.0
100.0, -75.0
95.0, -75.0
95.0, -75.0
95.0, -70.0
95.0, -70.0
90.0, -70.0
90.0, -70.0
90.0, -70.0
90.0, -75.0
85.0, -75.0
85.0, -75.0
80.0, -75.0
80.0, -75.0
80.0, -70.0
80.0, -70.0
80.0, -70.0
85.0, -70.0
85.0, -65.0
85.0, -65.0
80.0, -65.0
80.0, -65.0
80.0, -60.0
80.0, -60.0
80.0, -60.0
85.0, -60.0
85.0, -60.0
90.0, -60.0
90.0, -65.0
90.0, -65.0
95.0, -65.0
95.0, -65.0
95.0, -65.0
95.0, -60.0
95.0, -55.0
95.0, -55.0
95.0, -50.0
95.0, -50.0
90.0, -50.0
90.0, -50.0
90.0, -50.0
90.0, -55.0
85.0, -55.0
85.0, -55.0
80.0, -55.0
80.0, -55.0
80.0, -50.0
80.0, -50.0
80.0, -50.0
85.0, -50.0
85.0, -45.0
85.0, -45.0
80.0, -45.0
80.0, -45.0
80.0, -40.0
80.0, -40.0
80.0, -40.0
85.0, -40.0
85.0, -40.0
90.0, -40.0
90.0, -45.0
90.0, -45.0
95.0, -45.0
95.0, -45.0
95.0, -45.0
95.0, -40.0
95.0, -40.0
100.0, -40.0
105.0, -40.0
105.0, -40.0
105.0, -45.0
105.0, -45.0
105.0, -45.0
100.0, -45.0
100.0, -50.0
100.0, -50.0
100.0, -55.0
100.0, -55.0
105.0, -55.0
105.0, -55.0
105.0, -55.0
105.0, -50.0
110.0, -50.0
110.0, -50.0
110.0, -55.0
110.0, -55.0
115.0, -55.0
115.0, -55.0
115.0, -55.0
115.0, -50.0
115.0, -50.0
115.0, -45.0
110.0, -45.0
110.0, -45.0
110.0, -40.0
110.0, -40.0
110.0, -40.0
115.0, -40.0
115.0, -35.0
115.0, -35.0
110.0, -35.0
110.0, -35.0
110.0, -30.0
110.0, -30.0
110.0, -30.0
115.0, -30.0
115.0, -25.0
115.0, -25.0
115.0, -20.0
115.0, -20.0
110.0, -20.0
110.0, -20.0
110.0, -20.0
110.0, -25.0
105.0, -25.0
105.0, -25.0
105.0, -20.0
105.0, -20.0
100.0, -20.0
100.0, -20.0
100.0, -20.0
100.0, -25.0
100.0, -25.0
100.0, -30.0
105.0, -30.0
105.0, -30.0
105.0, -35.0
105.0, -35.0
105.0, -35.0
100.0, -35.0
95.0, -35.0
95.0, -35.0
95.0, -30.0
95.0, -30.0
90.0, -30.0
90.0, -30.0
90.0, -30.0
90.0, -35.0
85.0, -35.0
85.0, -35.0
80.0, -35.0
80.0, -35.0
80.0, -30.0
80.0, -30.0
80.0, -30.0
85.0, -30.0
85.0, -25.0
85.0, -25.0
80.0, -25.0
80.0, -25.0
80.0, -20.0
80.0, -20.0
80.0, -20.0
85.0, -20.0
85.0, -20.0
90.0, -20.0
90.0, -25.0
90.0, -25.0
95.0, -25.0
95.0, -25.0
95.0, -25.0
95.0, -20.0
95.0, -15.0
95.0, -15.0
95.0, -10.0
95.0, -10.0
90.0, -10.0
90.0, -10.0
90.0, -10.0
90.0, -15.0
85.0, -15.0
85.0, -15.0
80.0, -15.0
80.0, -15.0
80.0, -10.0
80.0, -10.0
80.0, -10.0
85.0, -10.0
85.0, -5.0
85.0, -5.0
80.0, -4.999999999999999
80.0, -4.999999999999999
80.0, 8.881784197001252e-16
80.0, 8.881784197001252e-16
80.0, 8.881784197001252e-16
85.0, 8.881784197001251e-16
85.0, 8.881784197001251e-16
90.0, 8.88178419700125e-16
90.0, -4.999999999999999
90.0, -4.999999999999999
95.0, -4.999999999999999
95.0, -4.999999999999999
95.0, -4.999999999999999
95.0, 8.881784197001252e-16
95.0, 8.881784197001252e-16
100.0, 8.881784197001251e-16
105.0, 8.88178419700125e-16
105.0, 8.88178419700125e-16
105.0, -4.999999999999999
105.0, -4.999999999999999
105.0, -4.999999999999999
100.0, -5.0
100.0, -10.0
100.0, -10.0
100.0, -15.0
100.0, -15.0
105.0, -15.0
105.0, -15.0
105.0, -15.0
105.0, -10.0
110.0, -10.0
110.0, -10.0
110.0, -15.0
110.0, -15.0
115.0, -15.0
115.0, -15.0
115.0, -15.0
115.0, -10.0
115.0, -10.0
115.0, -5.0
110.0, -4.999999999999999
110.0, -4.999999999999999
110.0, 8.881784197001252e-16
110.0, 8.881784197001252e-16
110.0, 8.881784197001252e-16
115.0, 8.881784197001251e-16
115.0, 8.881784197001251e-16
120.0, 8.88178419700125e-16
120.0, -4.999999999999999
120.0, -4.999999999999999
125.0, -4.999999999999999
125.0, -4.999999999999999
125.0, -4.999999999999999
125.0, 8.881784197001252e-16
130.0, 8.881784197001251e-16
130.0, 8.881784197001251e-16
135.0, 8.88178419700125e-16
135.0, 8.88178419700125e-16
135.0, -4.999999999999999
135.0, -4.999999999999999
135.0, -4.999999999999999
130.0, -5.0
130.0, -10.0
130.0, -10.0
135.0, -10.0
135.0, -10.0
135.0, -15.0
135.0, -15.0
135.0, -15.0
130.0, -15.0
130.0, -15.0
125.0, -15.0
125.0, -10.0
125.0, -10.0
120.0, -10.0
120.0, -10.0
120.0, -10.0
120.0, -15.0
120.0, -20.0
120.0, -20.0
125.0, -20.0
125.0, -20.0
125.0, -25.0
125.0, -25.0
125.0, -25.0
120.0, -25.0
120.0, -30.0
120.0, -30.0
120.0, -35.0
120.0, -35.0
125.0, -35.0
125.0, -35.0
125.0, -35.0
125.0, -30.0
130.0, -30.0
130.0, -30.0
130.0, -35.0
130.0, -35.0
135.0, -35.0
135.0, -35.0
135.0, -35.0
135.0, -30.0
135.0, -30.0
135.0, -25.0
130.0, -25.0
130.0, -25.0
130.0, -20.0
130.0, -20.0
130.0, -20.0
135.0, -20.0
140.0, -20.0
140.0, -20.0
145.0, -20.0
145.0, -20.0
145.0, -25.0
145.0, -25.0
145.0, -25.0
140.0, -25.0
140.0, -30.0
140.0, -30.0
140.0, -35.0
140.0, -35.0
145.0, -35.0
145.0, -35.0
145.0, -35.0
145.0, -30.0
150.0, -30.0
150.0, -30.0
150.0, -35.0
150.0, -35.0
155.0, -35.0
155.0, -35.0
155.0, -35.0
155.0, -30.0
155.0, -30.0
155.0, -25.0
150.0, -25.0
150.0, -25.0
150.0, -20.0
150.0, -20.0
150.0, -20.0
155.0, -20.0
155.0, -20.0
155.0, -15.0
155.0, -10.0
155.0, -10.0
150.0, -10.0
150.0, -10.0
150.0, -10.0
150.0, -15.0
145.0, -15.0
145.0, -15.0
140.0, -15.0
140.0, -15.0
140.0, -10.0
140.0, -10.0
140.0, -10.0
145.0, -10.0
145.0, -5.0
145.0, -5.0
140.0, -4.999999999999999
140.0, -4.999999999999999
140.0, 8.881784197001252e-16
140.0, 8.881784197001252e-16
140.0, 8.881784197001252e-16
145.0, 8.881784197001251e-16
145.0, 8.881784197001251e-16
150.0, 8.88178419700125e-16
150.0, -4.999999999999999
150.0, -4.999999999999999
155.0, -4.999999999999999
155.0, -4.999999999999999
155.0, -4.999999999999999
155.0, 8.881784197001252e-16
